Order	Label	X	Y
1	eas1.1.jpg	1476	690
2	eas1.1.jpg	1496	890
3	eas1.1.jpg	1604	1042
4	eas1.1.jpg	1664	1186
5	eas1.1.jpg	1720	1378
6	eas1.1.jpg	1724	1542
7	eas1.1.jpg	1676	1726
8	eas1.1.jpg	1636	1874
9	eas1.1.jpg	1608	1934
10	eas1.1.jpg	1592	2218
11	eas1.1.jpg	1528	2066
12	eas1.1.jpg	1444	1978
13	eas1.1.jpg	1352	1750
14	eas1.1.jpg	1300	1538
15	eas1.1.jpg	1284	1306
16	eas1.1.jpg	1356	930
17	eas1.1.jpg	1400	818
18	eas1.1.jpg	2184	622
19	eas1.1.jpg	2204	850
20	eas1.1.jpg	2240	1242
21	eas1.1.jpg	2204	1594
22	eas1.1.jpg	2104	1882
23	eas1.1.jpg	1976	2090
24	eas1.1.jpg	1812	2226
25	eas1.1.jpg	1780	2106
26	eas1.1.jpg	1800	2046
27	eas1.1.jpg	1764	1826
28	eas1.1.jpg	1772	1446
29	eas1.1.jpg	1824	1238
30	eas1.1.jpg	1920	1078
31	eas1.1.jpg	2008	914
32	eas1.1.jpg	2084	830
33	eas1.1.jpg	2120	770
34	eas1.1.jpg	2148	690
35	eas1.jpg	132	2143
36	eas1.jpg	340	2239
37	eas1.jpg	572	2311
38	eas1.jpg	736	2379
39	eas1.jpg	884	2487
40	eas1.jpg	1000	2643
41	eas1.jpg	1116	2835
42	eas1.jpg	1240	3075
43	eas1.jpg	1336	3259
44	eas1.jpg	1136	3171
45	eas1.jpg	788	3039
46	eas1.jpg	648	2967
47	eas1.jpg	564	2891
48	eas1.jpg	500	2843
49	eas1.jpg	408	2747
50	eas1.jpg	284	2567
51	eas1.jpg	228	2415
52	eas1.jpg	2464	1691
53	eas1.jpg	2398	1943
54	eas1.jpg	2350	2312
55	eas1.jpg	2248	2627
56	eas1.jpg	2137	2786
57	eas1.jpg	1966	2927
58	eas1.jpg	1699	3113
59	eas1.jpg	1555	3233
60	eas1.jpg	1618	2951
61	eas1.jpg	1690	2675
62	eas1.jpg	1762	2477
63	eas1.jpg	1804	2360
64	eas1.jpg	1837	2324
65	eas1.jpg	1924	2159
66	eas1.jpg	2074	2021
67	eas1.jpg	2203	1931
68	eas1.jpg	2326	1829
69	eas2.jpg	642	560
70	eas2.jpg	720	707
71	eas2.jpg	876	917
72	eas2.jpg	951	1079
73	eas2.jpg	1002	1250
74	eas2.jpg	1020	1361
75	eas2.jpg	1017	1550
76	eas2.jpg	1008	1781
77	eas2.jpg	1032	2027
78	eas2.jpg	870	1856
79	eas2.jpg	684	1622
80	eas2.jpg	591	1433
81	eas2.jpg	549	1256
82	eas2.jpg	549	1085
83	eas2.jpg	585	896
84	eas2.jpg	627	770
85	eas2.jpg	645	668
86	eas2.jpg	1897	1814
87	eas2.jpg	1855	1924
88	eas2.jpg	1865	1954
89	eas2.jpg	1835	2030
90	eas2.jpg	1753	2186
91	eas2.jpg	1689	2256
92	eas2.jpg	1631	2314
93	eas2.jpg	1465	2354
94	eas2.jpg	1227	2376
95	eas2.jpg	1285	2268
96	eas2.jpg	1381	2112
97	eas2.jpg	1435	2070
98	eas2.jpg	1507	1988
99	eas2.jpg	1575	1938
100	eas2.jpg	1663	1904
101	eas2.jpg	1725	1876
102	eas2.jpg	1785	1876
103	eas3.jpg	924	2562
104	eas3.jpg	1056	2418
105	eas3.jpg	1320	2082
106	eas3.jpg	1452	1908
107	eas3.jpg	1614	1752
108	eas3.jpg	1854	1626
109	eas3.jpg	2088	1536
110	eas3.jpg	2310	1566
111	eas3.jpg	2268	1776
112	eas3.jpg	2100	2034
113	eas3.jpg	2034	2166
114	eas3.jpg	1848	2274
115	eas3.jpg	1686	2364
116	eas3.jpg	1506	2442
117	eas3.jpg	1350	2478
118	eas3.jpg	1188	2526
119	eas3.jpg	1038	2538
120	eas3.jpg	224	1618
121	eas3.jpg	248	1786
122	eas3.jpg	408	1982
123	eas3.jpg	544	2254
124	eas3.jpg	560	2482
125	eas3.jpg	516	2678
126	eas3.jpg	460	2826
127	eas3.jpg	384	2970
128	eas3.jpg	332	2846
129	eas3.jpg	244	2630
130	eas3.jpg	156	2450
131	eas3.jpg	148	2230
132	eas3.jpg	160	2110
133	eas3.jpg	164	1994
134	eas3.jpg	188	1906
135	eas3.jpg	188	1806
136	eas3.jpg	200	1742
137	eas4.1.jpg	2268	2760
138	eas4.1.jpg	2175	2889
139	eas4.1.jpg	2079	2946
140	eas4.1.jpg	1977	2985
141	eas4.1.jpg	1881	3009
142	eas4.1.jpg	1743	3009
143	eas4.1.jpg	1554	2946
144	eas4.1.jpg	1419	2865
145	eas4.1.jpg	1278	2763
146	eas4.1.jpg	1146	2694
147	eas4.1.jpg	1287	2661
148	eas4.1.jpg	1452	2613
149	eas4.1.jpg	1617	2544
150	eas4.1.jpg	1752	2499
151	eas4.1.jpg	1890	2511
152	eas4.1.jpg	2061	2565
153	eas4.1.jpg	2184	2655
154	eas4.1.jpg	69	2944
155	eas4.1.jpg	267	2965
156	eas4.1.jpg	441	2911
157	eas4.1.jpg	552	2842
158	eas4.1.jpg	666	2731
159	eas4.1.jpg	741	2551
160	eas4.1.jpg	822	2404
161	eas4.1.jpg	864	2320
162	eas4.1.jpg	936	2236
163	eas4.1.jpg	852	2242
164	eas4.1.jpg	774	2251
165	eas4.1.jpg	669	2296
166	eas4.1.jpg	558	2344
167	eas4.1.jpg	450	2365
168	eas4.1.jpg	327	2422
169	eas4.1.jpg	240	2506
170	eas4.1.jpg	150	2686
171	eas4.jpg	2019	1672
172	eas4.jpg	1962	1816
173	eas4.jpg	1941	1939
174	eas4.jpg	1881	2035
175	eas4.jpg	1845	2104
176	eas4.jpg	1707	2218
177	eas4.jpg	1503	2302
178	eas4.jpg	1206	2374
179	eas4.jpg	1266	2299
180	eas4.jpg	1293	2227
181	eas4.jpg	1410	2062
182	eas4.jpg	1518	1930
183	eas4.jpg	1647	1813
184	eas4.jpg	1746	1777
185	eas4.jpg	1818	1750
186	eas4.jpg	1905	1732
187	eas4.jpg	1962	1708
188	eas4.jpg	291	1450
189	eas4.jpg	366	1540
190	eas4.jpg	480	1585
191	eas4.jpg	609	1651
192	eas4.jpg	708	1744
193	eas4.jpg	783	1852
194	eas4.jpg	840	1993
195	eas4.jpg	843	2086
196	eas4.jpg	894	2164
197	eas4.jpg	924	2272
198	eas4.jpg	762	2179
199	eas4.jpg	657	2119
200	eas4.jpg	573	2053
201	eas4.jpg	483	1984
202	eas4.jpg	420	1906
203	eas4.jpg	351	1756
204	eas4.jpg	309	1624
205	eas5.jpg	364	1476
206	eas5.jpg	476	1516
207	eas5.jpg	620	1532
208	eas5.jpg	776	1600
209	eas5.jpg	864	1672
210	eas5.jpg	964	1792
211	eas5.jpg	1032	1908
212	eas5.jpg	1108	2020
213	eas5.jpg	988	2012
214	eas5.jpg	808	1980
215	eas5.jpg	708	1948
216	eas5.jpg	588	1892
217	eas5.jpg	516	1820
218	eas5.jpg	472	1764
219	eas5.jpg	448	1688
220	eas5.jpg	424	1616
221	eas5.jpg	424	1556
222	eas5.jpg	1821	2440
223	eas5.jpg	1841	2572
224	eas5.jpg	1817	2648
225	eas5.jpg	1765	2776
226	eas5.jpg	1661	2864
227	eas5.jpg	1517	2924
228	eas5.jpg	1365	2992
229	eas5.jpg	1273	3000
230	eas5.jpg	1317	2908
231	eas5.jpg	1353	2828
232	eas5.jpg	1389	2740
233	eas5.jpg	1425	2680
234	eas5.jpg	1465	2620
235	eas5.jpg	1545	2556
236	eas5.jpg	1593	2508
237	eas5.jpg	1665	2480
238	eas5.jpg	1729	2440
239	eas6.jpg	2412	957
240	eas6.jpg	2433	1072
241	eas6.jpg	2496	1171
242	eas6.jpg	2508	1324
243	eas6.jpg	2484	1519
244	eas6.jpg	2409	1744
245	eas6.jpg	2237	1980
246	eas6.jpg	1993	2248
247	eas6.jpg	1741	2476
248	eas6.jpg	1761	2184
249	eas6.jpg	1765	1964
250	eas6.jpg	1809	1748
251	eas6.jpg	1929	1568
252	eas6.jpg	2037	1372
253	eas6.jpg	2145	1240
254	eas6.jpg	2269	1124
255	eas6.jpg	2328	1026
256	eas6.jpg	660	3726
257	eas6.jpg	780	3600
258	eas6.jpg	906	3510
259	eas6.jpg	1032	3408
260	eas6.jpg	1158	3282
261	eas6.jpg	1248	3108
262	eas6.jpg	1290	2892
263	eas6.jpg	1302	2676
264	eas6.jpg	1374	2298
265	eas6.jpg	1080	2580
266	eas6.jpg	1374	2316
267	eas6.jpg	1200	2472
268	eas6.jpg	942	2694
269	eas6.jpg	864	2838
270	eas6.jpg	726	3024
271	eas6.jpg	678	3228
272	eas6.jpg	678	3474
273	eas7.jpg	2374	2779
274	eas7.jpg	2344	2721
275	eas7.jpg	2354	2617
276	eas7.jpg	2344	2493
277	eas7.jpg	2324	2411
278	eas7.jpg	2290	2345
279	eas7.jpg	2210	2271
280	eas7.jpg	2062	2175
281	eas7.jpg	1860	2095
282	eas7.jpg	1914	2161
283	eas7.jpg	1956	2247
284	eas7.jpg	1988	2341
285	eas7.jpg	2004	2425
286	eas7.jpg	2030	2501
287	eas7.jpg	2090	2579
288	eas7.jpg	2152	2649
289	eas7.jpg	2222	2705
290	eas7.jpg	161	1746
291	eas7.jpg	341	1752
292	eas7.jpg	476	1761
293	eas7.jpg	578	1788
294	eas7.jpg	689	1854
295	eas7.jpg	803	1941
296	eas7.jpg	884	2028
297	eas7.jpg	1028	2121
298	eas7.jpg	905	2109
299	eas7.jpg	719	2127
300	eas7.jpg	629	2124
301	eas7.jpg	542	2091
302	eas7.jpg	470	2052
303	eas7.jpg	401	2001
304	eas7.jpg	356	1965
305	eas7.jpg	305	1917
306	eas7.jpg	245	1812
307	eas8.jpg	635	1514
308	eas8.jpg	737	1490
309	eas8.jpg	865	1432
310	eas8.jpg	961	1384
311	eas8.jpg	1061	1326
312	eas8.jpg	1119	1246
313	eas8.jpg	1181	1154
314	eas8.jpg	1225	1060
315	eas8.jpg	1273	878
316	eas8.jpg	1227	948
317	eas8.jpg	1157	996
318	eas8.jpg	1071	1050
319	eas8.jpg	993	1110
320	eas8.jpg	919	1172
321	eas8.jpg	837	1236
322	eas8.jpg	761	1334
323	eas8.jpg	697	1466
324	eas8.jpg	789	1782
325	eas8.jpg	819	1872
326	eas8.jpg	906	1941
327	eas8.jpg	975	2016
328	eas8.jpg	1020	2118
329	eas8.jpg	1053	2220
330	eas8.jpg	1080	2334
331	eas8.jpg	1074	2460
332	eas8.jpg	1086	2541
333	eas8.jpg	1110	2673
334	eas8.jpg	1044	2604
335	eas8.jpg	975	2553
336	eas8.jpg	924	2520
337	eas8.jpg	828	2421
338	eas8.jpg	774	2328
339	eas8.jpg	747	2220
340	eas8.jpg	747	2049
341	isa1.1.jpg	1140	598
342	isa1.1.jpg	1212	680
343	isa1.1.jpg	1290	768
344	isa1.1.jpg	1392	834
345	isa1.1.jpg	1492	920
346	isa1.1.jpg	1588	1074
347	isa1.1.jpg	1668	1200
348	isa1.1.jpg	1700	1330
349	isa1.1.jpg	1668	1516
350	isa1.1.jpg	1604	1456
351	isa1.1.jpg	1562	1472
352	isa1.1.jpg	1426	1382
353	isa1.1.jpg	1318	1240
354	isa1.1.jpg	1264	1112
355	isa1.1.jpg	1232	1010
356	isa1.1.jpg	1204	892
357	isa1.1.jpg	1192	776
358	isa1.1.jpg	1958	1852
359	isa1.1.jpg	1874	1936
360	isa1.1.jpg	1772	2050
361	isa1.1.jpg	1658	2221
362	isa1.1.jpg	1526	2335
363	isa1.1.jpg	1379	2422
364	isa1.1.jpg	1211	2482
365	isa1.1.jpg	1034	2458
366	isa1.1.jpg	992	2422
367	isa1.1.jpg	1016	2305
368	isa1.1.jpg	1169	2152
369	isa1.1.jpg	1307	2053
370	isa1.1.jpg	1424	1999
371	isa1.1.jpg	1529	1954
372	isa1.1.jpg	1616	1924
373	isa1.1.jpg	1733	1912
374	isa1.1.jpg	1844	1897
375	isa1.10.jpg	2299	819
376	isa1.10.jpg	2171	867
377	isa1.10.jpg	2057	901
378	isa1.10.jpg	1939	947
379	isa1.10.jpg	1851	1019
380	isa1.10.jpg	1773	1097
381	isa1.10.jpg	1697	1189
382	isa1.10.jpg	1663	1275
383	isa1.10.jpg	1663	1355
384	isa1.10.jpg	1779	1357
385	isa1.10.jpg	1869	1309
386	isa1.10.jpg	1957	1243
387	isa1.10.jpg	2017	1173
388	isa1.10.jpg	2089	1093
389	isa1.10.jpg	2143	1017
390	isa1.10.jpg	2197	937
391	isa1.10.jpg	2239	877
392	isa1.10.jpg	2547	1610
393	isa1.10.jpg	2478	1624
394	isa1.10.jpg	2371	1651
395	isa1.10.jpg	2295	1671
396	isa1.10.jpg	2219	1700
397	isa1.10.jpg	2149	1735
398	isa1.10.jpg	2086	1795
399	isa1.10.jpg	2035	1851
400	isa1.10.jpg	1989	1983
401	isa1.10.jpg	2091	1990
402	isa1.10.jpg	2185	1960
403	isa1.10.jpg	2271	1895
404	isa1.10.jpg	2357	1832
405	isa1.10.jpg	2411	1766
406	isa1.10.jpg	2449	1716
407	isa1.10.jpg	2487	1660
408	isa1.10.jpg	2518	1632
409	isa1.11.jpg	692	1246
410	isa1.11.jpg	770	1384
411	isa1.11.jpg	974	1576
412	isa1.11.jpg	1082	1876
413	isa1.11.jpg	1142	2176
414	isa1.11.jpg	1112	2560
415	isa1.11.jpg	992	2824
416	isa1.11.jpg	692	3214
417	isa1.11.jpg	620	3046
418	isa1.11.jpg	506	2884
419	isa1.11.jpg	404	2746
420	isa1.11.jpg	338	2512
421	isa1.11.jpg	260	2242
422	isa1.11.jpg	278	2014
423	isa1.11.jpg	350	1804
424	isa1.11.jpg	446	1612
425	isa1.11.jpg	614	1444
426	isa1.11.jpg	2528	2212
427	isa1.11.jpg	2444	2344
428	isa1.11.jpg	2366	2698
429	isa1.11.jpg	2282	2914
430	isa1.11.jpg	2114	3082
431	isa1.11.jpg	1976	3208
432	isa1.11.jpg	1778	3286
433	isa1.11.jpg	1514	3340
434	isa1.11.jpg	1292	3328
435	isa1.11.jpg	920	3328
436	isa1.11.jpg	974	3160
437	isa1.11.jpg	1070	2986
438	isa1.11.jpg	1262	2632
439	isa1.11.jpg	1418	2452
440	isa1.11.jpg	1634	2290
441	isa1.11.jpg	2012	2194
442	isa1.11.jpg	2312	2242
443	isa1.12.jpg	2196	1881
444	isa1.12.jpg	2115	1800
445	isa1.12.jpg	2073	1755
446	isa1.12.jpg	1974	1725
447	isa1.12.jpg	1803	1692
448	isa1.12.jpg	1647	1623
449	isa1.12.jpg	1509	1503
450	isa1.12.jpg	1428	1425
451	isa1.12.jpg	1392	1293
452	isa1.12.jpg	1479	1275
453	isa1.12.jpg	1608	1272
454	isa1.12.jpg	1776	1359
455	isa1.12.jpg	1866	1434
456	isa1.12.jpg	1980	1539
457	isa1.12.jpg	2043	1623
458	isa1.12.jpg	2106	1710
459	isa1.12.jpg	2157	1800
460	isa1.12.jpg	1836	21
461	isa1.12.jpg	1872	141
462	isa1.12.jpg	1917	279
463	isa1.12.jpg	1965	390
464	isa1.12.jpg	1977	555
465	isa1.12.jpg	1938	687
466	isa1.12.jpg	1872	840
467	isa1.12.jpg	1797	948
468	isa1.12.jpg	1710	1050
469	isa1.12.jpg	1641	906
470	isa1.12.jpg	1617	738
471	isa1.12.jpg	1665	531
472	isa1.12.jpg	1737	405
473	isa1.12.jpg	1806	336
474	isa1.12.jpg	1833	207
475	isa1.12.jpg	1839	138
476	isa1.12.jpg	1842	63
477	isa1.13.jpg	2559	723
478	isa1.13.jpg	2493	785
479	isa1.13.jpg	2425	849
480	isa1.13.jpg	2365	921
481	isa1.13.jpg	2291	1009
482	isa1.13.jpg	2195	1083
483	isa1.13.jpg	2073	1131
484	isa1.13.jpg	1987	1163
485	isa1.13.jpg	1883	1171
486	isa1.13.jpg	1787	1155
487	isa1.13.jpg	1813	1093
488	isa1.13.jpg	1887	1001
489	isa1.13.jpg	1959	949
490	isa1.13.jpg	2049	895
491	isa1.13.jpg	2141	855
492	isa1.13.jpg	2255	823
493	isa1.13.jpg	2403	791
494	isa1.13.jpg	2099	1223
495	isa1.13.jpg	2000	1385
496	isa1.13.jpg	1955	1508
497	isa1.13.jpg	1895	1601
498	isa1.13.jpg	1820	1685
499	isa1.13.jpg	1748	1733
500	isa1.13.jpg	1685	1769
501	isa1.13.jpg	1535	1796
502	isa1.13.jpg	1520	1706
503	isa1.13.jpg	1547	1622
504	isa1.13.jpg	1592	1529
505	isa1.13.jpg	1643	1484
506	isa1.13.jpg	1730	1433
507	isa1.13.jpg	1796	1400
508	isa1.13.jpg	1883	1349
509	isa1.13.jpg	1943	1313
510	isa1.13.jpg	2027	1280
511	isa1.14.jpg	65	3544
512	isa1.14.jpg	149	3469
513	isa1.14.jpg	302	3280
514	isa1.14.jpg	407	3172
515	isa1.14.jpg	533	3094
516	isa1.14.jpg	632	3046
517	isa1.14.jpg	734	3016
518	isa1.14.jpg	881	3001
519	isa1.14.jpg	1028	3073
520	isa1.14.jpg	1052	3181
521	isa1.14.jpg	1001	3295
522	isa1.14.jpg	908	3409
523	isa1.14.jpg	770	3490
524	isa1.14.jpg	602	3544
525	isa1.14.jpg	479	3571
526	isa1.14.jpg	335	3529
527	isa1.14.jpg	182	3529
528	isa1.14.jpg	2292	2416
529	isa1.14.jpg	2202	2341
530	isa1.14.jpg	2097	2230
531	isa1.14.jpg	1989	2110
532	isa1.14.jpg	1860	2005
533	isa1.14.jpg	1710	1939
534	isa1.14.jpg	1566	1906
535	isa1.14.jpg	1419	1930
536	isa1.14.jpg	1263	2020
537	isa1.14.jpg	1296	2140
538	isa1.14.jpg	1380	2260
539	isa1.14.jpg	1500	2344
540	isa1.14.jpg	1674	2413
541	isa1.14.jpg	1776	2410
542	isa1.14.jpg	1941	2404
543	isa1.14.jpg	2088	2395
544	isa1.14.jpg	2181	2401
545	isa1.2.jpg	568	1698
546	isa1.2.jpg	648	1776
547	isa1.2.jpg	750	1882
548	isa1.2.jpg	842	2010
549	isa1.2.jpg	874	2124
550	isa1.2.jpg	906	2238
551	isa1.2.jpg	908	2406
552	isa1.2.jpg	906	2472
553	isa1.2.jpg	890	2536
554	isa1.2.jpg	844	2588
555	isa1.2.jpg	766	2576
556	isa1.2.jpg	682	2512
557	isa1.2.jpg	634	2408
558	isa1.2.jpg	612	2308
559	isa1.2.jpg	580	2208
560	isa1.2.jpg	558	2034
561	isa1.2.jpg	564	1870
562	isa1.2.jpg	2202	1359
563	isa1.2.jpg	2130	1449
564	isa1.2.jpg	1989	1653
565	isa1.2.jpg	1884	1824
566	isa1.2.jpg	1758	1917
567	isa1.2.jpg	1644	1989
568	isa1.2.jpg	1548	2043
569	isa1.2.jpg	1434	2055
570	isa1.2.jpg	1419	1965
571	isa1.2.jpg	1470	1821
572	isa1.2.jpg	1521	1740
573	isa1.2.jpg	1620	1659
574	isa1.2.jpg	1698	1578
575	isa1.2.jpg	1782	1524
576	isa1.2.jpg	1857	1494
577	isa1.2.jpg	1968	1452
578	isa1.2.jpg	2088	1413
579	isa1.3.jpg	1926	1626
580	isa1.3.jpg	1890	1704
581	isa1.3.jpg	1866	1792
582	isa1.3.jpg	1844	1890
583	isa1.3.jpg	1812	1962
584	isa1.3.jpg	1760	2028
585	isa1.3.jpg	1686	2134
586	isa1.3.jpg	1586	2216
587	isa1.3.jpg	1484	2272
588	isa1.3.jpg	1358	2316
589	isa1.3.jpg	1156	2294
590	isa1.3.jpg	1200	2180
591	isa1.3.jpg	1284	2078
592	isa1.3.jpg	1356	2002
593	isa1.3.jpg	1466	1908
594	isa1.3.jpg	1590	1830
595	isa1.3.jpg	1724	1764
596	isa1.3.jpg	1402	2445
597	isa1.3.jpg	1330	2514
598	isa1.3.jpg	1270	2604
599	isa1.3.jpg	1204	2691
600	isa1.3.jpg	1114	2781
601	isa1.3.jpg	1000	2835
602	isa1.3.jpg	880	2871
603	isa1.3.jpg	775	2898
604	isa1.3.jpg	628	2865
605	isa1.3.jpg	676	2721
606	isa1.3.jpg	772	2640
607	isa1.3.jpg	835	2598
608	isa1.3.jpg	919	2559
609	isa1.3.jpg	1003	2526
610	isa1.3.jpg	1078	2493
611	isa1.3.jpg	1159	2484
612	isa1.3.jpg	1288	2466
613	isa1.4.jpg	2571	2602
614	isa1.4.jpg	2521	2602
615	isa1.4.jpg	2429	2642
616	isa1.4.jpg	2307	2722
617	isa1.4.jpg	2209	2742
618	isa1.4.jpg	2131	2750
619	isa1.4.jpg	2055	2734
620	isa1.4.jpg	1963	2718
621	isa1.4.jpg	1889	2672
622	isa1.4.jpg	1957	2620
623	isa1.4.jpg	2019	2568
624	isa1.4.jpg	2131	2520
625	isa1.4.jpg	2207	2498
626	isa1.4.jpg	2313	2496
627	isa1.4.jpg	2399	2514
628	isa1.4.jpg	2463	2548
629	isa1.4.jpg	2521	2576
630	isa1.4.jpg	1221	3333
631	isa1.4.jpg	1101	3321
632	isa1.4.jpg	966	3318
633	isa1.4.jpg	840	3252
634	isa1.4.jpg	759	3174
635	isa1.4.jpg	672	3090
636	isa1.4.jpg	627	3024
637	isa1.4.jpg	612	2955
638	isa1.4.jpg	597	2907
639	isa1.4.jpg	684	2916
640	isa1.4.jpg	777	2943
641	isa1.4.jpg	852	2979
642	isa1.4.jpg	921	3009
643	isa1.4.jpg	1023	3060
644	isa1.4.jpg	1071	3114
645	isa1.4.jpg	1137	3186
646	isa1.4.jpg	1188	3270
647	isa1.5.jpg	274	3622
648	isa1.5.jpg	288	3568
649	isa1.5.jpg	334	3492
650	isa1.5.jpg	380	3368
651	isa1.5.jpg	378	3262
652	isa1.5.jpg	354	3152
653	isa1.5.jpg	316	3046
654	isa1.5.jpg	280	2966
655	isa1.5.jpg	256	2930
656	isa1.5.jpg	234	2888
657	isa1.5.jpg	172	2916
658	isa1.5.jpg	140	2992
659	isa1.5.jpg	120	3106
660	isa1.5.jpg	110	3228
661	isa1.5.jpg	120	3338
662	isa1.5.jpg	156	3466
663	isa1.5.jpg	224	3566
664	isa1.5.jpg	1234	3068
665	isa1.5.jpg	1108	3053
666	isa1.5.jpg	1009	3059
667	isa1.5.jpg	865	3014
668	isa1.5.jpg	790	2948
669	isa1.5.jpg	727	2891
670	isa1.5.jpg	688	2837
671	isa1.5.jpg	634	2804
672	isa1.5.jpg	598	2657
673	isa1.5.jpg	694	2648
674	isa1.5.jpg	808	2666
675	isa1.5.jpg	931	2720
676	isa1.5.jpg	1018	2768
677	isa1.5.jpg	1099	2828
678	isa1.5.jpg	1141	2885
679	isa1.5.jpg	1177	2951
680	isa1.5.jpg	1210	3011
681	isa1.6.jpg	461	1850
682	isa1.6.jpg	553	1856
683	isa1.6.jpg	663	1860
684	isa1.6.jpg	765	1874
685	isa1.6.jpg	863	1900
686	isa1.6.jpg	953	1948
687	isa1.6.jpg	1021	2002
688	isa1.6.jpg	1063	2064
689	isa1.6.jpg	1059	2170
690	isa1.6.jpg	1015	2208
691	isa1.6.jpg	917	2208
692	isa1.6.jpg	825	2162
693	isa1.6.jpg	739	2106
694	isa1.6.jpg	673	2056
695	isa1.6.jpg	609	2002
696	isa1.6.jpg	569	1960
697	isa1.6.jpg	525	1908
698	isa1.6.jpg	1587	2463
699	isa1.6.jpg	1490	2433
700	isa1.6.jpg	1433	2382
701	isa1.6.jpg	1388	2322
702	isa1.6.jpg	1334	2232
703	isa1.6.jpg	1283	2163
704	isa1.6.jpg	1274	2079
705	isa1.6.jpg	1271	1986
706	isa1.6.jpg	1265	1905
707	isa1.6.jpg	1289	1845
708	isa1.6.jpg	1391	1914
709	isa1.6.jpg	1472	1995
710	isa1.6.jpg	1547	2079
711	isa1.6.jpg	1598	2160
712	isa1.6.jpg	1625	2250
713	isa1.6.jpg	1622	2346
714	isa1.6.jpg	1613	2430
715	isa1.7.jpg	2032	2849
716	isa1.7.jpg	1880	2829
717	isa1.7.jpg	1656	2757
718	isa1.7.jpg	1484	2741
719	isa1.7.jpg	1332	2765
720	isa1.7.jpg	1180	2825
721	isa1.7.jpg	1068	2917
722	isa1.7.jpg	948	3049
723	isa1.7.jpg	816	3205
724	isa1.7.jpg	660	3325
725	isa1.7.jpg	820	3365
726	isa1.7.jpg	1166	3451
727	isa1.7.jpg	1448	3403
728	isa1.7.jpg	1642	3291
729	isa1.7.jpg	1770	3162
730	isa1.7.jpg	1838	3087
731	isa1.7.jpg	1945	2902
732	isa1.7.jpg	416	1801
733	isa1.7.jpg	332	1975
734	isa1.7.jpg	230	2119
735	isa1.7.jpg	204	2265
736	isa1.7.jpg	176	2485
737	isa1.7.jpg	224	2681
738	isa1.7.jpg	320	2881
739	isa1.7.jpg	412	3033
740	isa1.7.jpg	496	3209
741	isa1.7.jpg	568	2949
742	isa1.7.jpg	672	2761
743	isa1.7.jpg	704	2613
744	isa1.7.jpg	732	2485
745	isa1.7.jpg	720	2349
746	isa1.7.jpg	680	2209
747	isa1.7.jpg	616	2097
748	isa1.7.jpg	532	1973
749	isa1.8.jpg	2330	2794
750	isa1.8.jpg	2304	2728
751	isa1.8.jpg	2272	2642
752	isa1.8.jpg	2234	2580
753	isa1.8.jpg	2200	2522
754	isa1.8.jpg	2152	2446
755	isa1.8.jpg	2084	2370
756	isa1.8.jpg	2032	2322
757	isa1.8.jpg	1982	2290
758	isa1.8.jpg	1908	2268
759	isa1.8.jpg	1886	2286
760	isa1.8.jpg	1882	2346
761	isa1.8.jpg	1934	2440
762	isa1.8.jpg	1964	2494
763	isa1.8.jpg	1976	2526
764	isa1.8.jpg	2038	2566
765	isa1.8.jpg	2232	2698
766	isa1.8.jpg	1818	2831
767	isa1.8.jpg	1814	2771
768	isa1.8.jpg	1796	2699
769	isa1.8.jpg	1770	2607
770	isa1.8.jpg	1738	2537
771	isa1.8.jpg	1692	2495
772	isa1.8.jpg	1642	2445
773	isa1.8.jpg	1592	2401
774	isa1.8.jpg	1518	2375
775	isa1.8.jpg	1440	2375
776	isa1.8.jpg	1444	2461
777	isa1.8.jpg	1476	2541
778	isa1.8.jpg	1510	2601
779	isa1.8.jpg	1564	2665
780	isa1.8.jpg	1610	2705
781	isa1.8.jpg	1688	2761
782	isa1.8.jpg	1758	2797
783	isa1.9.jpg	1558	1955
784	isa1.9.jpg	1495	1925
785	isa1.9.jpg	1438	1880
786	isa1.9.jpg	1369	1835
787	isa1.9.jpg	1282	1802
788	isa1.9.jpg	1186	1778
789	isa1.9.jpg	1087	1772
790	isa1.9.jpg	1012	1790
791	isa1.9.jpg	940	1820
792	isa1.9.jpg	955	1886
793	isa1.9.jpg	1021	1940
794	isa1.9.jpg	1105	1976
795	isa1.9.jpg	1192	1994
796	isa1.9.jpg	1273	2012
797	isa1.9.jpg	1360	2015
798	isa1.9.jpg	1441	1991
799	isa1.9.jpg	1492	1979
800	isa1.9.jpg	286	1474
801	isa1.9.jpg	330	1526
802	isa1.9.jpg	386	1592
803	isa1.9.jpg	450	1660
804	isa1.9.jpg	512	1714
805	isa1.9.jpg	580	1752
806	isa1.9.jpg	656	1790
807	isa1.9.jpg	734	1812
808	isa1.9.jpg	798	1804
809	isa1.9.jpg	848	1774
810	isa1.9.jpg	832	1702
811	isa1.9.jpg	788	1632
812	isa1.9.jpg	718	1574
813	isa1.9.jpg	646	1538
814	isa1.9.jpg	576	1516
815	isa1.9.jpg	476	1494
816	isa1.9.jpg	392	1482
817	isa1.jpg	2453	2342
818	isa1.jpg	2403	2284
819	isa1.jpg	2365	2172
820	isa1.jpg	2305	2080
821	isa1.jpg	2233	2020
822	isa1.jpg	2163	1982
823	isa1.jpg	2083	1954
824	isa1.jpg	2007	1938
825	isa1.jpg	1951	1938
826	isa1.jpg	1977	2038
827	isa1.jpg	2025	2104
828	isa1.jpg	2083	2178
829	isa1.jpg	2149	2238
830	isa1.jpg	2203	2280
831	isa1.jpg	2249	2294
832	isa1.jpg	2311	2310
833	isa1.jpg	2379	2318
834	isa1.jpg	252	2486
835	isa1.jpg	290	2540
836	isa1.jpg	332	2628
837	isa1.jpg	366	2712
838	isa1.jpg	398	2764
839	isa1.jpg	444	2806
840	isa1.jpg	482	2872
841	isa1.jpg	536	2912
842	isa1.jpg	588	2906
843	isa1.jpg	620	2906
844	isa1.jpg	616	2824
845	isa1.jpg	598	2766
846	isa1.jpg	554	2690
847	isa1.jpg	524	2664
848	isa1.jpg	524	2664
849	isa1.jpg	494	2622
850	isa1.jpg	436	2594
851	isa2.jpg	2412	2352
852	isa2.jpg	2274	2388
853	isa2.jpg	1926	2340
854	isa2.jpg	1608	2364
855	isa2.jpg	1314	2406
856	isa2.jpg	1062	2484
857	isa2.jpg	876	2562
858	isa2.jpg	684	2772
859	isa2.jpg	522	3054
860	isa2.jpg	396	3432
861	isa2.jpg	660	3366
862	isa2.jpg	900	3390
863	isa2.jpg	1194	3354
864	isa2.jpg	1506	3258
865	isa2.jpg	1764	3102
866	isa2.jpg	2016	2862
867	isa2.jpg	2190	2616
868	isa2.jpg	2604	1026
869	isa2.jpg	2496	1080
870	isa2.jpg	2304	1056
871	isa2.jpg	2010	1104
872	isa2.jpg	1680	1206
873	isa2.jpg	1374	1434
874	isa2.jpg	1110	1704
875	isa2.jpg	1014	1992
876	isa2.jpg	822	2412
877	isa2.jpg	942	2394
878	isa2.jpg	1218	2352
879	isa2.jpg	1428	2304
880	isa2.jpg	1680	2244
881	isa2.jpg	1962	2142
882	isa2.jpg	2178	2004
883	isa2.jpg	2376	1758
884	isa2.jpg	2514	1482
885	sor1.2.jpg	2286	2019
886	sor1.2.jpg	2184	2067
887	sor1.2.jpg	2022	2094
888	sor1.2.jpg	1827	2127
889	sor1.2.jpg	1722	2160
890	sor1.2.jpg	1620	2211
891	sor1.2.jpg	1554	2295
892	sor1.2.jpg	1482	2409
893	sor1.2.jpg	1467	2580
894	sor1.2.jpg	1587	2580
895	sor1.2.jpg	1743	2598
896	sor1.2.jpg	1908	2526
897	sor1.2.jpg	2004	2445
898	sor1.2.jpg	2052	2373
899	sor1.2.jpg	2094	2283
900	sor1.2.jpg	2151	2208
901	sor1.2.jpg	2205	2127
902	sor1.2.jpg	2403	1689
903	sor1.2.jpg	2250	1668
904	sor1.2.jpg	2118	1632
905	sor1.2.jpg	2001	1614
906	sor1.2.jpg	1863	1614
907	sor1.2.jpg	1749	1659
908	sor1.2.jpg	1671	1722
909	sor1.2.jpg	1608	1803
910	sor1.2.jpg	1521	1929
911	sor1.2.jpg	1656	1944
912	sor1.2.jpg	1764	1962
913	sor1.2.jpg	1902	1962
914	sor1.2.jpg	1992	1893
915	sor1.2.jpg	2091	1812
916	sor1.2.jpg	2157	1770
917	sor1.2.jpg	2229	1731
918	sor1.2.jpg	2283	1716
919	sor2.jpg	2372	1398
920	sor2.jpg	2322	1466
921	sor2.jpg	2250	1538
922	sor2.jpg	2172	1602
923	sor2.jpg	2070	1668
924	sor2.jpg	1986	1742
925	sor2.jpg	1920	1832
926	sor2.jpg	1866	1896
927	sor2.jpg	1842	1996
928	sor2.jpg	1828	2114
929	sor2.jpg	1932	2064
930	sor2.jpg	2024	2000
931	sor2.jpg	2112	1934
932	sor2.jpg	2186	1858
933	sor2.jpg	2252	1752
934	sor2.jpg	2312	1616
935	sor2.jpg	2322	1532
936	sor2.jpg	2088	2002
937	sor2.jpg	2056	2039
938	sor2.jpg	2019	2076
939	sor2.jpg	1979	2107
940	sor2.jpg	1927	2152
941	sor2.jpg	1861	2214
942	sor2.jpg	1821	2268
943	sor2.jpg	1807	2308
944	sor2.jpg	1791	2498
945	sor2.jpg	1883	2478
946	sor2.jpg	1937	2435
947	sor2.jpg	1971	2390
948	sor2.jpg	2041	2326
949	sor2.jpg	2067	2230
950	sor2.jpg	2081	2146
951	sor2.jpg	2091	2096
952	sor2.jpg	2088	2062
953	sor3.1.jpg	2403	607
954	sor3.1.jpg	2376	691
955	sor3.1.jpg	2304	769
956	sor3.1.jpg	2220	847
957	sor3.1.jpg	2115	919
958	sor3.1.jpg	2046	1000
959	sor3.1.jpg	1977	1090
960	sor3.1.jpg	1914	1189
961	sor3.1.jpg	1881	1351
962	sor3.1.jpg	1893	1594
963	sor3.1.jpg	2004	1540
964	sor3.1.jpg	2079	1471
965	sor3.1.jpg	2157	1405
966	sor3.1.jpg	2229	1318
967	sor3.1.jpg	2283	1207
968	sor3.1.jpg	2337	1072
969	sor3.1.jpg	2355	883
970	sor3.1.jpg	1572	2109
971	sor3.1.jpg	1470	2148
972	sor3.1.jpg	1404	2166
973	sor3.1.jpg	1269	2178
974	sor3.1.jpg	1161	2211
975	sor3.1.jpg	1071	2256
976	sor3.1.jpg	978	2310
977	sor3.1.jpg	900	2409
978	sor3.1.jpg	825	2541
979	sor3.1.jpg	957	2547
980	sor3.1.jpg	1101	2517
981	sor3.1.jpg	1212	2460
982	sor3.1.jpg	1299	2382
983	sor3.1.jpg	1377	2292
984	sor3.1.jpg	1437	2232
985	sor3.1.jpg	1476	2202
986	sor3.1.jpg	1518	2169
987	sor3.2.jpg	514	2544
988	sor3.2.jpg	650	2664
989	sor3.2.jpg	794	2656
990	sor3.2.jpg	942	2700
991	sor3.2.jpg	1094	2788
992	sor3.2.jpg	1218	2892
993	sor3.2.jpg	1286	3000
994	sor3.2.jpg	1346	3220
995	sor3.2.jpg	1154	3208
996	sor3.2.jpg	1046	3212
997	sor3.2.jpg	878	3120
998	sor3.2.jpg	774	3028
999	sor3.2.jpg	718	2944
1000	sor3.2.jpg	662	2848
1001	sor3.2.jpg	626	2804
1002	sor3.2.jpg	606	2728
1003	sor3.2.jpg	594	2660
1004	sor3.2.jpg	2189	2109
1005	sor3.2.jpg	2087	2256
1006	sor3.2.jpg	1976	2295
1007	sor3.2.jpg	1865	2352
1008	sor3.2.jpg	1757	2421
1009	sor3.2.jpg	1673	2535
1010	sor3.2.jpg	1625	2616
1011	sor3.2.jpg	1529	2790
1012	sor3.2.jpg	1625	2802
1013	sor3.2.jpg	1700	2772
1014	sor3.2.jpg	1814	2712
1015	sor3.2.jpg	1910	2682
1016	sor3.2.jpg	1985	2592
1017	sor3.2.jpg	2066	2490
1018	sor3.2.jpg	2090	2430
1019	sor3.2.jpg	2096	2364
1020	sor3.2.jpg	2105	2313
1021	sor3.jpg	468	2214
1022	sor3.jpg	448	2274
1023	sor3.jpg	438	2348
1024	sor3.jpg	450	2410
1025	sor3.jpg	482	2466
1026	sor3.jpg	520	2514
1027	sor3.jpg	562	2546
1028	sor3.jpg	598	2566
1029	sor3.jpg	640	2592
1030	sor3.jpg	640	2550
1031	sor3.jpg	632	2520
1032	sor3.jpg	622	2468
1033	sor3.jpg	616	2426
1034	sor3.jpg	602	2380
1035	sor3.jpg	584	2336
1036	sor3.jpg	562	2298
1037	sor3.jpg	524	2262
1038	sor3.jpg	399	2694
1039	sor3.jpg	414	2737
1040	sor3.jpg	426	2777
1041	sor3.jpg	448	2812
1042	sor3.jpg	482	2853
1043	sor3.jpg	516	2869
1044	sor3.jpg	549	2887
1045	sor3.jpg	594	2902
1046	sor3.jpg	676	2915
1047	sor3.jpg	658	2882
1048	sor3.jpg	636	2836
1049	sor3.jpg	619	2818
1050	sor3.jpg	601	2792
1051	sor3.jpg	586	2765
1052	sor3.jpg	586	2765
1053	sor3.jpg	561	2743
1054	sor3.jpg	502	2710
1055	wes1.jpg	2567	1106
1056	wes1.jpg	2489	1166
1057	wes1.jpg	2372	1193
1058	wes1.jpg	2222	1253
1059	wes1.jpg	2096	1319
1060	wes1.jpg	1979	1412
1061	wes1.jpg	1865	1511
1062	wes1.jpg	1775	1622
1063	wes1.jpg	1697	1748
1064	wes1.jpg	1646	1910
1065	wes1.jpg	1631	2054
1066	wes1.jpg	1568	2237
1067	wes1.jpg	1715	2147
1068	wes1.jpg	1889	2081
1069	wes1.jpg	2069	1955
1070	wes1.jpg	2228	1787
1071	wes1.jpg	2351	1562
1072	wes1.jpg	459	2037
1073	wes1.jpg	510	1992
1074	wes1.jpg	555	1968
1075	wes1.jpg	633	1854
1076	wes1.jpg	729	1782
1077	wes1.jpg	810	1743
1078	wes1.jpg	894	1719
1079	wes1.jpg	987	1701
1080	wes1.jpg	1077	1710
1081	wes1.jpg	1155	1716
1082	wes1.jpg	1257	1710
1083	wes1.jpg	1152	1794
1084	wes1.jpg	1083	1857
1085	wes1.jpg	996	1917
1086	wes1.jpg	912	1956
1087	wes1.jpg	801	1980
1088	wes1.jpg	681	2004
1089	wes2.1.jpg	2103	1543
1090	wes2.1.jpg	2049	1497
1091	wes2.1.jpg	1973	1441
1092	wes2.1.jpg	1883	1397
1093	wes2.1.jpg	1755	1373
1094	wes2.1.jpg	1637	1393
1095	wes2.1.jpg	1551	1427
1096	wes2.1.jpg	1499	1461
1097	wes2.1.jpg	1441	1497
1098	wes2.1.jpg	1353	1521
1099	wes2.1.jpg	1465	1547
1100	wes2.1.jpg	1527	1563
1101	wes2.1.jpg	1609	1593
1102	wes2.1.jpg	1695	1613
1103	wes2.1.jpg	1811	1611
1104	wes2.1.jpg	1905	1603
1105	wes2.1.jpg	1981	1571
1106	wes2.1.jpg	2132	1054
1107	wes2.1.jpg	2086	1064
1108	wes2.1.jpg	2004	1050
1109	wes2.1.jpg	1924	1050
1110	wes2.1.jpg	1862	1060
1111	wes2.1.jpg	1812	1064
1112	wes2.1.jpg	1766	1092
1113	wes2.1.jpg	1712	1128
1114	wes2.1.jpg	1688	1130
1115	wes2.1.jpg	1632	1174
1116	wes2.1.jpg	1572	1226
1117	wes2.1.jpg	1498	1268
1118	wes2.1.jpg	1594	1296
1119	wes2.1.jpg	1676	1310
1120	wes2.1.jpg	1796	1314
1121	wes2.1.jpg	1912	1262
1122	wes2.1.jpg	2042	1174
1123	wes2.2.jpg	816	2894
1124	wes2.2.jpg	840	2795
1125	wes2.2.jpg	882	2684
1126	wes2.2.jpg	933	2597
1127	wes2.2.jpg	969	2543
1128	wes2.2.jpg	1029	2492
1129	wes2.2.jpg	1116	2432
1130	wes2.2.jpg	1206	2408
1131	wes2.2.jpg	1305	2378
1132	wes2.2.jpg	1389	2363
1133	wes2.2.jpg	1452	2345
1134	wes2.2.jpg	1401	2420
1135	wes2.2.jpg	1359	2543
1136	wes2.2.jpg	1284	2639
1137	wes2.2.jpg	1218	2717
1138	wes2.2.jpg	1119	2786
1139	wes2.2.jpg	981	2828
1140	wes2.2.jpg	2076	1438
1141	wes2.2.jpg	2030	1428
1142	wes2.2.jpg	1938	1354
1143	wes2.2.jpg	1840	1280
1144	wes2.2.jpg	1776	1252
1145	wes2.2.jpg	1702	1240
1146	wes2.2.jpg	1614	1228
1147	wes2.2.jpg	1516	1246
1148	wes2.2.jpg	1414	1226
1149	wes2.2.jpg	1514	1300
1150	wes2.2.jpg	1586	1384
1151	wes2.2.jpg	1658	1440
1152	wes2.2.jpg	1774	1474
1153	wes2.2.jpg	1860	1482
1154	wes2.2.jpg	1918	1480
1155	wes2.2.jpg	1964	1466
1156	wes2.2.jpg	2002	1456
1157	wes2.jpg	2300	1128
1158	wes2.jpg	2240	1174
1159	wes2.jpg	2174	1210
1160	wes2.jpg	2114	1226
1161	wes2.jpg	2010	1240
1162	wes2.jpg	1904	1270
1163	wes2.jpg	1822	1316
1164	wes2.jpg	1728	1372
1165	wes2.jpg	1642	1464
1166	wes2.jpg	1598	1548
1167	wes2.jpg	1538	1630
1168	wes2.jpg	1638	1628
1169	wes2.jpg	1746	1642
1170	wes2.jpg	1850	1628
1171	wes2.jpg	1994	1562
1172	wes2.jpg	2120	1444
1173	wes2.jpg	2196	1352
1174	wes2.jpg	2257	1636
1175	wes2.jpg	2179	1648
1176	wes2.jpg	2092	1678
1177	wes2.jpg	2023	1696
1178	wes2.jpg	1942	1705
1179	wes2.jpg	1843	1735
1180	wes2.jpg	1762	1786
1181	wes2.jpg	1666	1858
1182	wes2.jpg	1624	1915
1183	wes2.jpg	1501	1984
1184	wes2.jpg	1606	1981
1185	wes2.jpg	1723	2008
1186	wes2.jpg	1834	2008
1187	wes2.jpg	1945	1981
1188	wes2.jpg	2044	1930
1189	wes2.jpg	2119	1816
1190	wes2.jpg	2161	1750
1191	Sor1.1.jpg	2296	573
1192	Sor1.1.jpg	2221	648
1193	Sor1.1.jpg	2065	735
1194	Sor1.1.jpg	1954	771
1195	Sor1.1.jpg	1822	825
1196	Sor1.1.jpg	1702	912
1197	Sor1.1.jpg	1597	1035
1198	Sor1.1.jpg	1564	1170
1199	Sor1.1.jpg	1564	1293
1200	Sor1.1.jpg	1579	1425
1201	Sor1.1.jpg	1753	1398
1202	Sor1.1.jpg	1921	1281
1203	Sor1.1.jpg	2017	1152
1204	Sor1.1.jpg	2053	1047
1205	Sor1.1.jpg	2089	924
1206	Sor1.1.jpg	2125	849
1207	Sor1.1.jpg	2173	750
1208	Sor1.1.jpg	2238	1296
1209	Sor1.1.jpg	2193	1401
1210	Sor1.1.jpg	2115	1503
1211	Sor1.1.jpg	1992	1563
1212	Sor1.1.jpg	1869	1650
1213	Sor1.1.jpg	1752	1716
1214	Sor1.1.jpg	1692	1743
1215	Sor1.1.jpg	1614	1824
1216	Sor1.1.jpg	1536	1932
1217	Sor1.1.jpg	1533	2067
1218	Sor1.1.jpg	1536	2244
1219	Sor1.1.jpg	1695	2232
1220	Sor1.1.jpg	1854	2175
1221	Sor1.1.jpg	1995	2064
1222	Sor1.1.jpg	2091	1935
1223	Sor1.1.jpg	2136	1767
1224	Sor1.1.jpg	2178	1551
1225	Sor1.jpg	64	2347
1226	Sor1.jpg	132	2295
1227	Sor1.jpg	276	2243
1228	Sor1.jpg	492	2171
1229	Sor1.jpg	724	2179
1230	Sor1.jpg	896	2199
1231	Sor1.jpg	1036	2279
1232	Sor1.jpg	1144	2371
1233	Sor1.jpg	1272	2567
1234	Sor1.jpg	1168	2619
1235	Sor1.jpg	1108	2675
1236	Sor1.jpg	1028	2743
1237	Sor1.jpg	876	2763
1238	Sor1.jpg	680	2731
1239	Sor1.jpg	576	2695
1240	Sor1.jpg	448	2635
1241	Sor1.jpg	252	2503
1242	Sor1.jpg	1675	2086
1243	Sor1.jpg	1684	1993
1244	Sor1.jpg	1699	1837
1245	Sor1.jpg	1729	1684
1246	Sor1.jpg	1783	1546
1247	Sor1.jpg	1876	1420
1248	Sor1.jpg	1987	1327
1249	Sor1.jpg	2101	1252
1250	Sor1.jpg	2209	1183
1251	Sor1.jpg	2317	1138
1252	Sor1.jpg	2440	1123
1253	Sor1.jpg	2491	1255
1254	Sor1.jpg	2458	1429
1255	Sor1.jpg	2425	1573
1256	Sor1.jpg	2332	1801
1257	Sor1.jpg	2215	1930
1258	Sor1.jpg	1942	2056
